            0           374
            1           559
            2           759
            3          1052
            4          1426
            5          1980
            6          2693
            7          3456
            8          4313
            9          5460
           10          6829
           11          8392
           12         10118
           13         12260
           14         14785
           15         17736
           16         20896
           17         24715
           18         29036
           19         33899
           20         39091
           21         45246
           22         52062
           23         59553
           24         67279
           25         75762
