            1             4
            2            14
            3            29
            4            47
            5            68
            6            99
            7           150
            8           203
            9           300
           10           425
           11           608
           12           900
           13          1290
           14          1738
           15          2379
           16          3150
           17          3851
           18          4547
           19          5414
           20          6339
           21          7140
           22          7720
           23          8129
           24          8480
           25          8690
           26          8803
           27          8868
           28          8920
           29          8971
           30          9010
           31          9043
