            0         16744
            1         15596
            2         15120
            3         14325
            4         13723
            5         12788
            6         12141
            7         11277
            8         10949
            9         10174
           25          4317
           26          4181
           27          3784
           29          3454
           30          3184
           31          3177
           32          2910
           33          2766
           34          2598
