          0.0             0
          9.9           620
         14.5          1200
         19.1          2550
         23.7          3700
         28.3          5250
         32.9          6800
         37.5          8200
         46.7         10850
         51.3         12000
         55.9         13300
         60.5         14800
         65.1         16250
         69.7         17330
         74.3         18600
         78.9         19750
         88.1         22000
         92.7         23260
         97.3         24320
        101.9         25700
        106.5         26950
        111.1         28230
        116.0         29300
