         1911        255.40
         1913        254.60
         1915        252.60
         1923        250.40
         1931        249.20
         1933        247.60
         1934        246.80
         1937        246.40
         1942        244.60
         1943        242.60
         1944        241.60
         1945        241.40
         1954        238.00
         1957        237.20
         1958        234.50
         1962        234.40
         1964        234.10
         1965        233.60
         1966        231.30
         1967        231.10
         1975        229.40
         1979        229.00
         1980        228.80
         1981        227.33
         1985        226.31
         1993        224.39
