        0.920         5.182
        0.989         4.827
        1.058         4.364
        1.121         3.982
        1.191         3.682
        1.254         3.491
        1.317         3.055
        1.386         2.864
        1.449         2.591
        1.518         2.427
        1.581         2.236
        1.650         2.045
        1.713         1.909
        1.789         1.773
        1.858         1.636
        1.928         1.582
        1.984         1.364
        2.054         1.309
        2.117         1.145
        2.192         1.091
        2.255         1.036
        2.318         0.982
        2.387         0.927
        2.457         0.845
        2.520         0.791
        2.589         0.764
        2.652         0.736
