           -9           7.5
           -8          40.0
           -7          84.0
           -6         162.0
           -5         275.0
           -4         352.0
           -3         402.0
           -2         443.0
           -1         472.0
            0         500.0
            1         540.0
            2         580.0
            3         600.0
            4         620.0
            5         640.0
            6         650.0
            7         660.0
            8         675.0
            9         680.0
           10         690.0
           11         705.0
           12         720.0
