         5.63        0.3191
         5.69        0.8085
         5.76        1.2766
         5.80        1.7872
         5.89        2.2979
         5.93        2.7660
         6.03        3.2766
         6.08        3.7234
         6.16        4.2553
         6.24        4.6809
         6.29        5.2128
         6.37        5.7021
         6.45        6.1915
         6.52        6.7021
         6.62        7.2128
         6.71        7.6809
         6.78        8.1702
         6.88        8.7021
         6.96        9.1702
         7.06        9.6809
         7.14       10.1702
         7.27       10.6809
         7.39       11.1915
         7.51       11.6809
         7.61       12.1702
         7.74       12.7021
         7.88       13.1489
         8.05       13.6383
         8.18       14.1489
         8.32       14.6596
