         0.00             0
         2.55           100
         4.25           200
         5.90           300
         7.55           400
         9.20           500
        11.05           600
        11.55           625
        12.05           650
        12.55           675
        13.20           700
        13.85           725
        14.55           750
        15.40           775
        16.35           800
        17.45           825
        18.65           850
        20.00           875
